4294967278,74
4294967279,74
4294967279,73
4294967279,71
4294967279,69
4294967278,178
4294967279,176
4294967279,173
4294967279,172
4294967279,170
4294967279,169
4294967279,168
4294967294,481
4294967279,166
4294967279,165
4294967279,161
4294967294,1074
4294967279,160
4294967279,159
4294967279,158
4294967294,51
4294967294,82
4294967294,1414
4294967294,68
4294967278,132
4294967278,131
4294967278,129
4294967278,124
4294967278,119
4294967278,114
4294967278,64
4294967278,62
4294967278,60
4294967279,64
4294967279,61
4294967279,52
4294967279,50
4294967279,47
4294967279,38
4294967279,36
4294967279,31
4294967279,26
4294967279,25
4294967279,24
4294967279,22
4294967279,16
4294967279,15
4294967279,14
4294967279,13
4294967279,11
4294967279,4
4294967279,44
4294967279,313
4294967279,154
4294967279,41
4294967294,1419
4294967279,40
4294967279,516
4294967279,39
4294967279,558
4294967279,148
4294967279,147
4294967279,146
4294967293,131
4294967293,130
4294967293,129
4294967293,128
4294967293,127
4294967293,126
4294967293,125
4294967293,124
4294967293,123
4294967293,122
4294967293,121
4294967293,120
4294967293,119
4294967293,118
4294967293,117
4294967293,116
4294967293,115
4294967293,114
4294967293,113
4294967293,112
4294967293,111
4294967293,110
4294967293,109
4294967293,108
4294967293,107
4294967293,106
4294967293,105
4294967293,104
4294967293,103
4294967293,102
4294967293,101
4294967293,100
4294967293,99
4294967293,98
4294967293,97
4294967293,96
4294967293,95
4294967293,94
4294967293,93
4294967293,92
4294967293,91
4294967293,90
4294967293,89
4294967293,87
4294967293,86
4294967293,85
4294967293,84
4294967293,83
4294967293,82
4294967293,81
4294967293,80
4294967293,79
4294967293,78
4294967293,77
4294967293,76
4294967293,75
4294967293,74
4294967293,73
4294967293,72
4294967293,71
4294967293,70
4294967293,69
4294967293,68
4294967293,67
4294967293,66
4294967293,65
4294967293,64
4294967293,63
4294967293,62
4294967293,61
4294967293,60
4294967293,59
4294967293,58
4294967293,57
4294967293,56
4294967293,55
4294967293,54
4294967293,53
4294967293,52
4294967293,51
4294967293,50
4294967293,49
4294967293,48
4294967293,47
4294967293,46
4294967293,45
4294967293,44
4294967293,43
4294967293,42
4294967293,41
4294967293,40
4294967293,39
4294967293,38
4294967293,37
4294967293,36
4294967293,35
4294967293,34
4294967293,33
4294967293,32
4294967293,31
4294967293,30
4294967293,29
4294967293,28
4294967293,27
4294967293,26
4294967293,25
4294967293,24
4294967293,23
4294967293,22
4294967293,21
4294967293,20
4294967293,19
4294967293,18
4294967293,17
4294967293,16
4294967293,15
4294967293,14
4294967293,13
4294967293,12
4294967293,11
4294967293,10
4294967293,9
4294967293,8
4294967293,7
4294967293,6
4294967293,5
4294967293,4
4294967293,3
4294967278,112
4294967278,352
4294967278,111
4294967278,106
4294967278,103
4294967278,420
4294967278,102
4294967278,97
4294967278,92
4294967278,408
4294967278,90
4294967278,89
4294967278,378
4294967278,87
4294967278,80
4294967278,78
4294967278,73
4294967278,71
4294967278,389
4294967278,70
4294967278,63
4294967279,574
4294967278,146
4294967279,99
4294967279,573
4294967279,96
4294967279,90
4294967279,89
4294967279,86
4294967279,174
4294967279,527
4294967279,65
4294967279,63
4294967279,49
4294967279,46
4294967278,145
4294967279,293
4294967278,338
4294967278,134
4294967294,484
4294967278,133
4294967294,99
4294967294,88
4294967294,86
4294967294,85
4294967294,385
4294967294,420
4294967294,398
4294967294,1040
4294967294,112
4294967294,110
4294967294,458
4294967278,337
4294967294,1417
4294967294,485
4294967294,92
4294967294,90
4294967279,292
4294967278,435
2171,6
4294967278,285
2171,5
2171,4
2171,3
2171,2
2171,1
4294967278,333
4294967279,513
4294967279,273
4294967279,318
4294967279,317
4294967279,248
4294967279,291
4294967279,260
4294967279,327
4294967278,327
4294967294,1423
4294967278,445
4294967279,241
4294967279,239
4294967278,315
2168,6
2168,5
2168,4
2168,3
2168,2
2168,1
4294967294,1420
4294967279,334
4294967278,314
4294967279,282
4294967279,517
4294967279,211
4294967278,208
4294967279,210
4294967279,95
4294967279,360
4294967294,1045
4294967294,1032
4294967279,94
4294967279,93
4294967279,535
4294967278,204
4294967294,1425
4294967279,288
4294967279,91
4294967279,201
4294967278,200
4294967278,197
4294967279,200
2165,6
4294967278,199
2165,5
2165,4
2165,3
2165,2
2165,1
4294967278,313
4294967279,198
4294967278,312
4294967279,533
4294967278,82
4294967278,304
4294967278,326
4294967278,343
4294967279,194
4294967294,201
4294967278,79
4294967278,192
4294967278,303
4294967278,191
4294967278,190
4294967279,190
4294967278,187
4294967278,188
4294967279,188
4294967278,186
4294967278,183
4294967278,68
4294967278,283
4294967279,570
4294967278,67
4294967278,403
4294967278,65
4294967294,8
4294967279,178
4294967278,177
4294967278,176
4294967294,7
2162,6
4294967279,175
2162,5
2162,4
2162,3
2162,2
2162,1
4294967279,287
4294967279,515
4294967279,383
4294967278,282
4294967279,565
4294967278,437
4294967279,341
4294967278,298
4294967279,525
4294967279,164
4294967279,45
4294967279,567
4294967279,377
4294967278,155
4294967279,43
4294967279,523
4294967278,154
4294967294,393
4294967294,114
4294967294,423
4294967294,389
4294967294,1426
4294967278,153
4294967278,152
4294967279,151
4294967279,150
4294967279,149
2159,7
4294967278,149
2159,6
